00000000000000000000000000
00000000000000000000000000
00000000000000000000000000
00000000000000000000000000
00000000000000000000000000
00000000000000000000000000
00000000100000000000000000
00000000000000000000000000
00000000000000000000000000
00000000000000000000000000
00000000000000000000000000
00000000000000100000000000
00000003300000000000000000
00000003300000000000000000
00000000000000000000000000
00000000000000000000000000
00000000000000000000000000
00000000000330000000000000
00000000000330000000000000
00000000000000000000000000
00000000000000000000000000
00000000000000000000000000
00000000000000000000000000
00022000000111100000000000
00022000000167100000000000
00000000000189100000000000